# Made in Blockbench 4.11.1
mtllib materials.mtl

o cube
v -0.28126016046277547 1.5267534213735119 0.3463900333551083
v -0.22708622641925635 1.5920837109157953 -0.272820866208659
v -0.2795519874900823 1.3402805659919608 0.326865526935062
v -0.2253780534465632 1.4056108555342441 -0.29234537262870536
v -0.28934839504999044 1.5920837109157953 -0.2782681001303876
v -0.34352232909350955 1.5267534213735119 0.3409427994333797
v -0.2876402220772973 1.4056108555342441 -0.297792606550434
v -0.3418141561208164 1.3402805659919608 0.32141829301333336
vt 0.15625 0.84375
vt 0.171875 0.84375
vt 0.171875 0.796875
vt 0.15625 0.796875
vt 0 0.84375
vt 0.15625 0.84375
vt 0.15625 0.796875
vt 0 0.796875
vt 0.328125 0.84375
vt 0.34375 0.84375
vt 0.34375 0.796875
vt 0.328125 0.796875
vt 0.171875 0.84375
vt 0.328125 0.84375
vt 0.328125 0.796875
vt 0.171875 0.796875
vt 0.171875 0.84375
vt 0.15625 0.84375
vt 0.15625 1
vt 0.171875 1
vt 0.1875 1
vt 0.171875 1
vt 0.171875 0.84375
vt 0.1875 0.84375
vn 0.08667829446963066 0.1045284632676535 -0.9907374393020277
vn 0.9961946980917457 1.7347234759768075e-18 0.08715574274765817
vn -0.08667829446963066 -0.1045284632676535 0.9907374393020277
vn -0.9961946980917457 -1.7347234759768075e-18 -0.08715574274765817
vn -0.00911025585436364 0.9945218953682734 0.10413070090691415
vn 0.00911025585436364 -0.9945218953682734 -0.10413070090691415
usemtl m_bf1ea993-6ccb-c5d5-a1d7-2ed839a3c834
f 4/4/1 7/3/1 5/2/1 2/1/1
f 3/8/2 4/7/2 2/6/2 1/5/2
f 8/12/3 3/11/3 1/10/3 6/9/3
f 7/16/4 8/15/4 6/14/4 5/13/4
f 6/20/5 1/19/5 2/18/5 5/17/5
f 7/24/6 4/23/6 3/22/6 8/21/6
o cube
v 0.2790993572138314 1.5267534213735119 0.395415138650666
v 0.3332732912573505 1.5920837109157953 -0.22379576091310127
v 0.2808075301865245 1.3402805659919608 0.3758906322306197
v 0.3349814642300437 1.4056108555342441 -0.24332026733314766
v 0.2710111226266164 1.5920837109157953 -0.2292429948348299
v 0.2168371885830973 1.5267534213735119 0.3899679047289374
v 0.27271929559930963 1.4056108555342441 -0.2487675012548763
v 0.2185453615557904 1.3402805659919608 0.37044339830889106
vt 0.15625 0.640625
vt 0.171875 0.640625
vt 0.171875 0.59375
vt 0.15625 0.59375
vt 0 0.640625
vt 0.15625 0.640625
vt 0.15625 0.59375
vt 0 0.59375
vt 0.328125 0.640625
vt 0.34375 0.640625
vt 0.34375 0.59375
vt 0.328125 0.59375
vt 0.171875 0.640625
vt 0.328125 0.640625
vt 0.328125 0.59375
vt 0.171875 0.59375
vt 0.171875 0.640625
vt 0.15625 0.640625
vt 0.15625 0.796875
vt 0.171875 0.796875
vt 0.1875 0.796875
vt 0.171875 0.796875
vt 0.171875 0.640625
vt 0.1875 0.640625
vn 0.08667829446963066 0.1045284632676535 -0.9907374393020277
vn 0.9961946980917457 1.7347234759768075e-18 0.08715574274765817
vn -0.08667829446963066 -0.1045284632676535 0.9907374393020277
vn -0.9961946980917457 -1.7347234759768075e-18 -0.08715574274765817
vn -0.00911025585436364 0.9945218953682734 0.10413070090691415
vn 0.00911025585436364 -0.9945218953682734 -0.10413070090691415
usemtl m_bf1ea993-6ccb-c5d5-a1d7-2ed839a3c834
f 12/28/7 15/27/7 13/26/7 10/25/7
f 11/32/8 12/31/8 10/30/8 9/29/8
f 16/36/9 11/35/9 9/34/9 14/33/9
f 15/40/10 16/39/10 14/38/10 13/37/10
f 14/44/11 9/43/11 10/42/11 13/41/11
f 15/48/12 12/47/12 11/46/12 16/45/12
o cube
v 0.2168371885830973 1.5267534213735119 0.3899679047289374
v 0.22225458198744918 1.5332864503277404 0.3280468147725606
v 0.2179759705648927 1.4024381844524778 0.3769515671155732
v 0.2233933639692447 1.4089712134067063 0.3150304771591964
v -0.2758427670584236 1.5332864503277404 0.2844689433987315
v -0.28126016046277547 1.5267534213735119 0.3463900333551083
v -0.27470398507662813 1.4089712134067063 0.27145260578536734
v -0.28012137848098 1.4024381844524778 0.333373695741744
vt 0.359375 0.984375
vt 0.484375 0.984375
vt 0.484375 0.953125
vt 0.359375 0.953125
vt 0.34375 0.984375
vt 0.359375 0.984375
vt 0.359375 0.953125
vt 0.34375 0.953125
vt 0.5 0.984375
vt 0.625 0.984375
vt 0.625 0.953125
vt 0.5 0.953125
vt 0.484375 0.984375
vt 0.5 0.984375
vt 0.5 0.953125
vt 0.484375 0.953125
vt 0.484375 0.984375
vt 0.359375 0.984375
vt 0.359375 1
vt 0.484375 1
vt 0.609375 1
vt 0.484375 1
vt 0.484375 0.984375
vt 0.609375 0.984375
vn 0.08667829446963066 0.1045284632676535 -0.9907374393020277
vn 0.9961946980917457 1.7347234759768075e-18 0.08715574274765817
vn -0.08667829446963066 -0.1045284632676535 0.9907374393020277
vn -0.9961946980917457 -1.7347234759768075e-18 -0.08715574274765817
vn -0.00911025585436364 0.9945218953682734 0.10413070090691415
vn 0.00911025585436364 -0.9945218953682734 -0.10413070090691415
usemtl m_bf1ea993-6ccb-c5d5-a1d7-2ed839a3c834
f 20/52/13 23/51/13 21/50/13 18/49/13
f 19/56/14 20/55/14 18/54/14 17/53/14
f 24/60/15 19/59/15 17/58/15 22/57/15
f 23/64/16 24/63/16 22/62/16 21/61/16
f 22/68/17 17/67/17 18/66/17 21/65/17
f 23/72/18 20/71/18 19/70/18 24/69/18
o cube
v 0.09345163330342454 1.4024381844524778 0.36605709927211594
v 0.09886902670777642 1.4089712134067063 0.30413600931573914
v 0.09402102429432224 1.3402805659919608 0.3595489304654338
v 0.09943841769867423 1.346813594946189 0.297627840509057
v 0.03660685807704234 1.4089712134067063 0.2986887753940105
v 0.03118946467269046 1.4024381844524778 0.3606098653503873
v 0.03717624906794004 1.346813594946189 0.29218060658732836
v 0.03175885566358816 1.3402805659919608 0.35410169654370516
vt 0.390625 0.515625
vt 0.40625 0.515625
vt 0.40625 0.5
vt 0.390625 0.5
vt 0.375 0.515625
vt 0.390625 0.515625
vt 0.390625 0.5
vt 0.375 0.5
vt 0.421875 0.515625
vt 0.4375 0.515625
vt 0.4375 0.5
vt 0.421875 0.5
vt 0.40625 0.515625
vt 0.421875 0.515625
vt 0.421875 0.5
vt 0.40625 0.5
vt 0.40625 0.515625
vt 0.390625 0.515625
vt 0.390625 0.53125
vt 0.40625 0.53125
vt 0.421875 0.53125
vt 0.40625 0.53125
vt 0.40625 0.515625
vt 0.421875 0.515625
vn 0.08667829446963066 0.1045284632676535 -0.9907374393020277
vn 0.9961946980917457 1.7347234759768075e-18 0.08715574274765817
vn -0.08667829446963066 -0.1045284632676535 0.9907374393020277
vn -0.9961946980917457 -1.7347234759768075e-18 -0.08715574274765817
vn -0.00911025585436364 0.9945218953682734 0.10413070090691415
vn 0.00911025585436364 -0.9945218953682734 -0.10413070090691415
usemtl m_bf1ea993-6ccb-c5d5-a1d7-2ed839a3c834
f 28/76/19 31/75/19 29/74/19 26/73/19
f 27/80/20 28/79/20 26/78/20 25/77/20
f 32/84/21 27/83/21 25/82/21 30/81/21
f 31/88/22 32/87/22 30/86/22 29/85/22
f 30/92/23 25/91/23 26/90/23 29/89/23
f 31/96/24 28/95/24 27/94/24 32/93/24
o cube
v 0.2773911842411382 1.713226276755063 0.41493964507071246
v 0.28280857764549006 1.7197593057092915 0.35301855511433566
v 0.2790993572138314 1.5267534213735119 0.395415138650666
v 0.28451675061818327 1.5332864503277404 0.3334940486942892
v 0.22054640901475597 1.7197593057092915 0.34757132119260703
v 0.2151290156104041 1.713226276755063 0.4094924111489838
v 0.22225458198744918 1.5332864503277404 0.3280468147725606
v 0.2168371885830973 1.5267534213735119 0.3899679047289374
vt 0.359375 0.609375
vt 0.375 0.609375
vt 0.375 0.5625
vt 0.359375 0.5625
vt 0.34375 0.609375
vt 0.359375 0.609375
vt 0.359375 0.5625
vt 0.34375 0.5625
vt 0.390625 0.609375
vt 0.40625 0.609375
vt 0.40625 0.5625
vt 0.390625 0.5625
vt 0.375 0.609375
vt 0.390625 0.609375
vt 0.390625 0.5625
vt 0.375 0.5625
vt 0.375 0.609375
vt 0.359375 0.609375
vt 0.359375 0.625
vt 0.375 0.625
vt 0.390625 0.625
vt 0.375 0.625
vt 0.375 0.609375
vt 0.390625 0.609375
vn 0.08667829446963066 0.1045284632676535 -0.9907374393020277
vn 0.9961946980917457 1.7347234759768075e-18 0.08715574274765817
vn -0.08667829446963066 -0.1045284632676535 0.9907374393020277
vn -0.9961946980917457 -1.7347234759768075e-18 -0.08715574274765817
vn -0.00911025585436364 0.9945218953682734 0.10413070090691415
vn 0.00911025585436364 -0.9945218953682734 -0.10413070090691415
usemtl m_bf1ea993-6ccb-c5d5-a1d7-2ed839a3c834
f 36/100/25 39/99/25 37/98/25 34/97/25
f 35/104/26 36/103/26 34/102/26 33/101/26
f 40/108/27 35/107/27 33/106/27 38/105/27
f 39/112/28 40/111/28 38/110/28 37/109/28
f 38/116/29 33/115/29 34/114/29 37/113/29
f 39/120/30 36/119/30 35/118/30 40/117/30
o cube
v -0.2201367738138369 1.6510686582945464 0.36485360489020124
v -0.21471938040948496 1.6576016872487744 0.30293251493382445
v -0.21899799183204144 1.5267534213735119 0.35183726727683695
v -0.2135805984276895 1.5332864503277404 0.28991617732046016
v -0.27698154904021904 1.6576016872487744 0.2974852810120958
v -0.2823989424445709 1.6510686582945464 0.3594063709684726
v -0.2758427670584236 1.5332864503277404 0.2844689433987315
v -0.28126016046277547 1.5267534213735119 0.3463900333551083
vt 0.078125 0.515625
vt 0.09375 0.515625
vt 0.09375 0.484375
vt 0.078125 0.484375
vt 0.0625 0.515625
vt 0.078125 0.515625
vt 0.078125 0.484375
vt 0.0625 0.484375
vt 0.109375 0.515625
vt 0.125 0.515625
vt 0.125 0.484375
vt 0.109375 0.484375
vt 0.09375 0.515625
vt 0.109375 0.515625
vt 0.109375 0.484375
vt 0.09375 0.484375
vt 0.09375 0.515625
vt 0.078125 0.515625
vt 0.078125 0.53125
vt 0.09375 0.53125
vt 0.109375 0.53125
vt 0.09375 0.53125
vt 0.09375 0.515625
vt 0.109375 0.515625
vn 0.08667829446963066 0.1045284632676535 -0.9907374393020277
vn 0.9961946980917457 1.7347234759768075e-18 0.08715574274765817
vn -0.08667829446963066 -0.1045284632676535 0.9907374393020277
vn -0.9961946980917457 -1.7347234759768075e-18 -0.08715574274765817
vn -0.00911025585436364 0.9945218953682734 0.10413070090691415
vn 0.00911025585436364 -0.9945218953682734 -0.10413070090691415
usemtl m_bf1ea993-6ccb-c5d5-a1d7-2ed839a3c834
f 44/124/31 47/123/31 45/122/31 42/121/31
f 43/128/32 44/127/32 42/126/32 41/125/32
f 48/132/33 43/131/33 41/130/33 46/129/33
f 47/136/34 48/135/34 46/134/34 45/133/34
f 46/140/35 41/139/35 42/138/35 45/137/35
f 47/144/36 44/143/36 43/142/36 48/141/36
o cube
v -0.27698154904021904 1.6576016872487744 0.2974852810120958
v -0.2715641556358671 1.664134716203003 0.23556419105571913
v -0.2758427670584236 1.5332864503277404 0.2844689433987315
v -0.27042537365407165 1.5398194792819684 0.22254785344235484
v -0.3338263242666012 1.664134716203003 0.2301169571339905
v -0.3392437176709531 1.6576016872487744 0.2920380470903672
v -0.33268754228480574 1.5398194792819684 0.2171006195206262
v -0.33810493568915767 1.5332864503277404 0.2790217094770029
vt 0.140625 0.515625
vt 0.15625 0.515625
vt 0.15625 0.484375
vt 0.140625 0.484375
vt 0.125 0.515625
vt 0.140625 0.515625
vt 0.140625 0.484375
vt 0.125 0.484375
vt 0.171875 0.515625
vt 0.1875 0.515625
vt 0.1875 0.484375
vt 0.171875 0.484375
vt 0.15625 0.515625
vt 0.171875 0.515625
vt 0.171875 0.484375
vt 0.15625 0.484375
vt 0.15625 0.515625
vt 0.140625 0.515625
vt 0.140625 0.53125
vt 0.15625 0.53125
vt 0.171875 0.53125
vt 0.15625 0.53125
vt 0.15625 0.515625
vt 0.171875 0.515625
vn 0.08667829446963066 0.1045284632676535 -0.9907374393020277
vn 0.9961946980917457 1.7347234759768075e-18 0.08715574274765817
vn -0.08667829446963066 -0.1045284632676535 0.9907374393020277
vn -0.9961946980917457 -1.7347234759768075e-18 -0.08715574274765817
vn -0.00911025585436364 0.9945218953682734 0.10413070090691415
vn 0.00911025585436364 -0.9945218953682734 -0.10413070090691415
usemtl m_bf1ea993-6ccb-c5d5-a1d7-2ed839a3c834
f 52/148/37 55/147/37 53/146/37 50/145/37
f 51/152/38 52/151/38 50/150/38 49/149/38
f 56/156/39 51/155/39 49/154/39 54/153/39
f 55/160/40 56/159/40 54/158/40 53/157/40
f 54/164/41 49/163/41 50/162/41 53/161/41
f 55/168/42 52/167/42 51/166/42 56/165/42
o cube
v -0.23421179279630144 1.7720235373431183 -0.1913752698322358
v -0.22879439939194957 1.7785565662973468 -0.25329635978861254
v -0.23250361982360823 1.5855506819615672 -0.21089977625228218
v -0.22708622641925635 1.5920837109157953 -0.2728208662086589
v -0.29105656802268365 1.7785565662973468 -0.25874359371034117
v -0.2964739614270355 1.7720235373431183 -0.19682250375396443
v -0.28934839504999044 1.5920837109157953 -0.27826810013038755
v -0.2947657884543423 1.5855506819615672 -0.2163470101740108
vt 0.015625 0.578125
vt 0.03125 0.578125
vt 0.03125 0.53125
vt 0.015625 0.53125
vt 0 0.578125
vt 0.015625 0.578125
vt 0.015625 0.53125
vt 0 0.53125
vt 0.046875 0.578125
vt 0.0625 0.578125
vt 0.0625 0.53125
vt 0.046875 0.53125
vt 0.03125 0.578125
vt 0.046875 0.578125
vt 0.046875 0.53125
vt 0.03125 0.53125
vt 0.03125 0.578125
vt 0.015625 0.578125
vt 0.015625 0.59375
vt 0.03125 0.59375
vt 0.046875 0.59375
vt 0.03125 0.59375
vt 0.03125 0.578125
vt 0.046875 0.578125
vn 0.08667829446963066 0.1045284632676535 -0.9907374393020277
vn 0.9961946980917457 1.7347234759768075e-18 0.08715574274765817
vn -0.08667829446963066 -0.1045284632676535 0.9907374393020277
vn -0.9961946980917457 -1.7347234759768075e-18 -0.08715574274765817
vn -0.00911025585436364 0.9945218953682734 0.10413070090691415
vn 0.00911025585436364 -0.9945218953682734 -0.10413070090691415
usemtl m_bf1ea993-6ccb-c5d5-a1d7-2ed839a3c834
f 60/172/43 63/171/43 61/170/43 58/169/43
f 59/176/44 60/175/44 58/174/44 57/173/44
f 64/180/45 59/179/45 57/178/45 62/177/45
f 63/184/46 64/183/46 62/182/46 61/181/46
f 62/188/47 57/187/47 58/186/47 61/185/47
f 63/192/48 60/191/48 59/190/48 64/189/48
o cube
v -0.17138023317466966 1.7098659188826013 -0.19243620471718925
v -0.16596283977031773 1.7163989478368298 -0.254357294673566
v -0.1702414511928742 1.5855506819615672 -0.20545254233055354
v -0.16482405778852227 1.5920837109157953 -0.2673736322869303
v -0.2282250084010518 1.7163989478368298 -0.2598045285952946
v -0.2336424018054037 1.7098659188826013 -0.19788343863891789
v -0.22708622641925635 1.5920837109157953 -0.2728208662086589
v -0.23250361982360823 1.5855506819615672 -0.21089977625228218
vt 0.328125 0.546875
vt 0.34375 0.546875
vt 0.34375 0.515625
vt 0.328125 0.515625
vt 0.3125 0.546875
vt 0.328125 0.546875
vt 0.328125 0.515625
vt 0.3125 0.515625
vt 0.359375 0.546875
vt 0.375 0.546875
vt 0.375 0.515625
vt 0.359375 0.515625
vt 0.34375 0.546875
vt 0.359375 0.546875
vt 0.359375 0.515625
vt 0.34375 0.515625
vt 0.34375 0.546875
vt 0.328125 0.546875
vt 0.328125 0.5625
vt 0.34375 0.5625
vt 0.359375 0.5625
vt 0.34375 0.5625
vt 0.34375 0.546875
vt 0.359375 0.546875
vn 0.08667829446963066 0.1045284632676535 -0.9907374393020277
vn 0.9961946980917457 1.7347234759768075e-18 0.08715574274765817
vn -0.08667829446963066 -0.1045284632676535 0.9907374393020277
vn -0.9961946980917457 -1.7347234759768075e-18 -0.08715574274765817
vn -0.00911025585436364 0.9945218953682734 0.10413070090691415
vn 0.00911025585436364 -0.9945218953682734 -0.10413070090691415
usemtl m_bf1ea993-6ccb-c5d5-a1d7-2ed839a3c834
f 68/196/49 71/195/49 69/194/49 66/193/49
f 67/200/50 68/199/50 66/198/50 65/197/50
f 72/204/51 67/203/51 65/202/51 70/201/51
f 71/208/52 72/207/52 70/206/52 69/205/52
f 70/212/53 65/211/53 66/210/53 69/209/53
f 71/216/54 68/215/54 67/214/54 72/213/54
o cube
v 0.2156984066013018 1.6510686582945464 0.4029842423423017
v 0.22111580000565367 1.6576016872487744 0.3410631523859249
v 0.2168371885830973 1.5267534213735119 0.3899679047289374
v 0.22225458198744918 1.5332864503277404 0.3280468147725606
v 0.1588536313749196 1.6576016872487744 0.33561591846419625
v 0.1534362379705677 1.6510686582945464 0.39753700842057305
v 0.1599924133567151 1.5332864503277404 0.32259958085083196
v 0.15457501995236322 1.5267534213735119 0.38452067080720875
vt 0.203125 0.578125
vt 0.21875 0.578125
vt 0.21875 0.546875
vt 0.203125 0.546875
vt 0.1875 0.578125
vt 0.203125 0.578125
vt 0.203125 0.546875
vt 0.1875 0.546875
vt 0.234375 0.578125
vt 0.25 0.578125
vt 0.25 0.546875
vt 0.234375 0.546875
vt 0.21875 0.578125
vt 0.234375 0.578125
vt 0.234375 0.546875
vt 0.21875 0.546875
vt 0.21875 0.578125
vt 0.203125 0.578125
vt 0.203125 0.59375
vt 0.21875 0.59375
vt 0.234375 0.59375
vt 0.21875 0.59375
vt 0.21875 0.578125
vt 0.234375 0.578125
vn 0.08667829446963066 0.1045284632676535 -0.9907374393020277
vn 0.9961946980917457 1.7347234759768075e-18 0.08715574274765817
vn -0.08667829446963066 -0.1045284632676535 0.9907374393020277
vn -0.9961946980917457 -1.7347234759768075e-18 -0.08715574274765817
vn -0.00911025585436364 0.9945218953682734 0.10413070090691415
vn 0.00911025585436364 -0.9945218953682734 -0.10413070090691415
usemtl m_bf1ea993-6ccb-c5d5-a1d7-2ed839a3c834
f 76/220/55 79/219/55 77/218/55 74/217/55
f 75/224/56 76/223/56 74/222/56 73/221/56
f 80/228/57 75/227/57 73/226/57 78/225/57
f 79/232/58 80/231/58 78/230/58 77/229/58
f 78/236/59 73/235/59 74/234/59 77/233/59
f 79/240/60 76/239/60 75/238/60 80/237/60
o cube
v -0.2829683334354687 1.713226276755063 0.36591453977515465
v -0.2775509400311168 1.7197593057092915 0.30399344981877796
v -0.28126016046277547 1.5267534213735119 0.3463900333551083
v -0.2758427670584236 1.5332864503277404 0.2844689433987315
v -0.3398131086618509 1.7197593057092915 0.2985462158970493
v -0.34523050206620276 1.713226276755063 0.360467305853426
v -0.33810493568915767 1.5332864503277404 0.2790217094770029
v -0.34352232909350955 1.5267534213735119 0.3409427994333797
vt 0.140625 0.578125
vt 0.15625 0.578125
vt 0.15625 0.53125
vt 0.140625 0.53125
vt 0.125 0.578125
vt 0.140625 0.578125
vt 0.140625 0.53125
vt 0.125 0.53125
vt 0.171875 0.578125
vt 0.1875 0.578125
vt 0.1875 0.53125
vt 0.171875 0.53125
vt 0.15625 0.578125
vt 0.171875 0.578125
vt 0.171875 0.53125
vt 0.15625 0.53125
vt 0.15625 0.578125
vt 0.140625 0.578125
vt 0.140625 0.59375
vt 0.15625 0.59375
vt 0.171875 0.59375
vt 0.15625 0.59375
vt 0.15625 0.578125
vt 0.171875 0.578125
vn 0.08667829446963066 0.1045284632676535 -0.9907374393020277
vn 0.9961946980917457 1.7347234759768075e-18 0.08715574274765817
vn -0.08667829446963066 -0.1045284632676535 0.9907374393020277
vn -0.9961946980917457 -1.7347234759768075e-18 -0.08715574274765817
vn -0.00911025585436364 0.9945218953682734 0.10413070090691415
vn 0.00911025585436364 -0.9945218953682734 -0.10413070090691415
usemtl m_bf1ea993-6ccb-c5d5-a1d7-2ed839a3c834
f 84/244/61 87/243/61 85/242/61 82/241/61
f 83/248/62 84/247/62 82/246/62 81/245/62
f 88/252/63 83/251/63 81/250/63 86/249/63
f 87/256/64 88/255/64 86/254/64 85/253/64
f 86/260/65 81/259/65 82/258/65 85/257/65
f 87/264/66 84/263/66 83/262/66 88/261/66
o cube
v 0.28337796863638776 1.6576016872487744 0.34651038630765363
v 0.28879536204073974 1.664134716203003 0.28458929635127683
v 0.28451675061818316 1.5332864503277404 0.33349404869428934
v 0.28993414402253515 1.5398194792819684 0.27157295873791254
v 0.22653319341000566 1.664134716203003 0.2791420624295482
v 0.22111580000565367 1.6576016872487744 0.341063152385925
v 0.22767197539180106 1.5398194792819684 0.2661257248161839
v 0.22225458198744918 1.5332864503277404 0.3280468147725607
vt 0.015625 0.515625
vt 0.03125 0.515625
vt 0.03125 0.484375
vt 0.015625 0.484375
vt 0 0.515625
vt 0.015625 0.515625
vt 0.015625 0.484375
vt 0 0.484375
vt 0.046875 0.515625
vt 0.0625 0.515625
vt 0.0625 0.484375
vt 0.046875 0.484375
vt 0.03125 0.515625
vt 0.046875 0.515625
vt 0.046875 0.484375
vt 0.03125 0.484375
vt 0.03125 0.515625
vt 0.015625 0.515625
vt 0.015625 0.53125
vt 0.03125 0.53125
vt 0.046875 0.53125
vt 0.03125 0.53125
vt 0.03125 0.515625
vt 0.046875 0.515625
vn 0.08667829446963066 0.1045284632676535 -0.9907374393020277
vn 0.9961946980917457 1.7347234759768075e-18 0.08715574274765817
vn -0.08667829446963066 -0.1045284632676535 0.9907374393020277
vn -0.9961946980917457 -1.7347234759768075e-18 -0.08715574274765817
vn -0.00911025585436364 0.9945218953682734 0.10413070090691415
vn 0.00911025585436364 -0.9945218953682734 -0.10413070090691415
usemtl m_bf1ea993-6ccb-c5d5-a1d7-2ed839a3c834
f 92/268/67 95/267/67 93/266/67 90/265/67
f 91/272/68 92/271/68 90/270/68 89/269/68
f 96/276/69 91/275/69 89/274/69 94/273/69
f 95/280/70 96/279/70 94/278/70 93/277/70
f 94/284/71 89/283/71 90/282/71 93/281/71
f 95/288/72 92/287/72 91/286/72 96/285/72
o cube
v -0.23905979520975562 1.7033328899283728 -0.1359623486825412
v -0.23364240180540374 1.7098659188826013 -0.197883438638918
v -0.23792101322796022 1.5790176530073388 -0.1489786862959055
v -0.23250361982360823 1.5855506819615668 -0.21089977625228223
v -0.29590457043613777 1.7098659188826013 -0.20333067256064663
v -0.3013219638404897 1.7033328899283728 -0.14140958260426983
v -0.2947657884543423 1.5855506819615668 -0.21634701017401087
v -0.30018318185869425 1.5790176530073388 -0.15442592021763413
vt 0.453125 0.65625
vt 0.46875 0.65625
vt 0.46875 0.625
vt 0.453125 0.625
vt 0.4375 0.65625
vt 0.453125 0.65625
vt 0.453125 0.625
vt 0.4375 0.625
vt 0.484375 0.65625
vt 0.5 0.65625
vt 0.5 0.625
vt 0.484375 0.625
vt 0.46875 0.65625
vt 0.484375 0.65625
vt 0.484375 0.625
vt 0.46875 0.625
vt 0.46875 0.65625
vt 0.453125 0.65625
vt 0.453125 0.671875
vt 0.46875 0.671875
vt 0.484375 0.671875
vt 0.46875 0.671875
vt 0.46875 0.65625
vt 0.484375 0.65625
vn 0.08667829446963066 0.1045284632676535 -0.9907374393020277
vn 0.9961946980917457 1.7347234759768075e-18 0.08715574274765817
vn -0.08667829446963066 -0.1045284632676535 0.9907374393020277
vn -0.9961946980917457 -1.7347234759768075e-18 -0.08715574274765817
vn -0.00911025585436364 0.9945218953682734 0.10413070090691415
vn 0.00911025585436364 -0.9945218953682734 -0.10413070090691415
usemtl m_bf1ea993-6ccb-c5d5-a1d7-2ed839a3c834
f 100/292/73 103/291/73 101/290/73 98/289/73
f 99/296/74 100/295/74 98/294/74 97/293/74
f 104/300/75 99/299/75 97/298/75 102/297/75
f 103/304/76 104/303/76 102/302/76 101/301/76
f 102/308/77 97/307/77 98/306/77 101/305/77
f 103/312/78 100/311/78 99/310/78 104/309/78
o cube
v 0.32129972246685123 1.7033328899283728 -0.0869372433869835
v 0.3267171158712031 1.7098659188826013 -0.1488583333433603
v 0.32243850444864663 1.5790176530073388 -0.09995358100034779
v 0.3278558978529986 1.5855506819615668 -0.16187467095672453
v 0.26445494724046903 1.7098659188826013 -0.15430556726508893
v 0.25903755383611715 1.7033328899283728 -0.09238447730871213
v 0.26559372922226454 1.5855506819615668 -0.16732190487845316
v 0.26017633581791255 1.5790176530073388 -0.10540081492207642
vt 0.265625 0.53125
vt 0.28125 0.53125
vt 0.28125 0.5
vt 0.265625 0.5
vt 0.25 0.53125
vt 0.265625 0.53125
vt 0.265625 0.5
vt 0.25 0.5
vt 0.296875 0.53125
vt 0.3125 0.53125
vt 0.3125 0.5
vt 0.296875 0.5
vt 0.28125 0.53125
vt 0.296875 0.53125
vt 0.296875 0.5
vt 0.28125 0.5
vt 0.28125 0.53125
vt 0.265625 0.53125
vt 0.265625 0.546875
vt 0.28125 0.546875
vt 0.296875 0.546875
vt 0.28125 0.546875
vt 0.28125 0.53125
vt 0.296875 0.53125
vn 0.08667829446963066 0.1045284632676535 -0.9907374393020277
vn 0.9961946980917457 1.7347234759768075e-18 0.08715574274765817
vn -0.08667829446963066 -0.1045284632676535 0.9907374393020277
vn -0.9961946980917457 -1.7347234759768075e-18 -0.08715574274765817
vn -0.00911025585436364 0.9945218953682734 0.10413070090691415
vn 0.00911025585436364 -0.9945218953682734 -0.10413070090691415
usemtl m_bf1ea993-6ccb-c5d5-a1d7-2ed839a3c834
f 108/316/79 111/315/79 109/314/79 106/313/79
f 107/320/80 108/319/80 106/318/80 105/317/80
f 112/324/81 107/323/81 105/322/81 110/321/81
f 111/328/82 112/327/82 110/326/82 109/325/82
f 110/332/83 105/331/83 106/330/83 109/329/83
f 111/336/84 108/335/84 107/334/84 112/333/84
o cube
v 0.26445494724046903 1.7098659188826013 -0.15430556726508882
v 0.2698723406448209 1.7163989478368298 -0.21622665722146556
v 0.26559372922226454 1.5855506819615672 -0.1673219048784531
v 0.2710111226266164 1.5920837109157953 -0.22924299483482985
v 0.20761017201408682 1.7163989478368298 -0.2216738911431942
v 0.20219277860973506 1.7098659188826013 -0.15975280118681745
v 0.20874895399588234 1.5920837109157953 -0.23469022875655848
v 0.20333156059153046 1.5855506819615672 -0.17276913880018174
vt 0.203125 0.53125
vt 0.21875 0.53125
vt 0.21875 0.5
vt 0.203125 0.5
vt 0.1875 0.53125
vt 0.203125 0.53125
vt 0.203125 0.5
vt 0.1875 0.5
vt 0.234375 0.53125
vt 0.25 0.53125
vt 0.25 0.5
vt 0.234375 0.5
vt 0.21875 0.53125
vt 0.234375 0.53125
vt 0.234375 0.5
vt 0.21875 0.5
vt 0.21875 0.53125
vt 0.203125 0.53125
vt 0.203125 0.546875
vt 0.21875 0.546875
vt 0.234375 0.546875
vt 0.21875 0.546875
vt 0.21875 0.53125
vt 0.234375 0.53125
vn 0.08667829446963066 0.1045284632676535 -0.9907374393020277
vn 0.9961946980917457 1.7347234759768075e-18 0.08715574274765817
vn -0.08667829446963066 -0.1045284632676535 0.9907374393020277
vn -0.9961946980917457 -1.7347234759768075e-18 -0.08715574274765817
vn -0.00911025585436364 0.9945218953682734 0.10413070090691415
vn 0.00911025585436364 -0.9945218953682734 -0.10413070090691415
usemtl m_bf1ea993-6ccb-c5d5-a1d7-2ed839a3c834
f 116/340/85 119/339/85 117/338/85 114/337/85
f 115/344/86 116/343/86 114/342/86 113/341/86
f 120/348/87 115/347/87 113/346/87 118/345/87
f 119/352/88 120/351/88 118/350/88 117/349/88
f 118/356/89 113/355/89 114/354/89 117/353/89
f 119/360/90 116/359/90 115/358/90 120/357/90
o cube
v 0.3261477248803054 1.7720235373431183 -0.1423501645366781
v 0.3315651182846573 1.7785565662973468 -0.20427125449305483
v 0.3278558978529986 1.5855506819615672 -0.16187467095672448
v 0.3332732912573505 1.5920837109157953 -0.22379576091310122
v 0.2693029496539232 1.7785565662973468 -0.20971848841478347
v 0.26388555624957133 1.7720235373431183 -0.14779739845840673
v 0.2710111226266164 1.5920837109157953 -0.22924299483482985
v 0.26559372922226454 1.5855506819615672 -0.1673219048784531
vt 0.078125 0.578125
vt 0.09375 0.578125
vt 0.09375 0.53125
vt 0.078125 0.53125
vt 0.0625 0.578125
vt 0.078125 0.578125
vt 0.078125 0.53125
vt 0.0625 0.53125
vt 0.109375 0.578125
vt 0.125 0.578125
vt 0.125 0.53125
vt 0.109375 0.53125
vt 0.09375 0.578125
vt 0.109375 0.578125
vt 0.109375 0.53125
vt 0.09375 0.53125
vt 0.09375 0.578125
vt 0.078125 0.578125
vt 0.078125 0.59375
vt 0.09375 0.59375
vt 0.109375 0.59375
vt 0.09375 0.59375
vt 0.09375 0.578125
vt 0.109375 0.578125
vn 0.08667829446963066 0.1045284632676535 -0.9907374393020277
vn 0.9961946980917457 1.7347234759768075e-18 0.08715574274765817
vn -0.08667829446963066 -0.1045284632676535 0.9907374393020277
vn -0.9961946980917457 -1.7347234759768075e-18 -0.08715574274765817
vn -0.00911025585436364 0.9945218953682734 0.10413070090691415
vn 0.00911025585436364 -0.9945218953682734 -0.10413070090691415
usemtl m_bf1ea993-6ccb-c5d5-a1d7-2ed839a3c834
f 124/364/91 127/363/91 125/362/91 122/361/91
f 123/368/92 124/367/92 122/366/92 121/365/92
f 128/372/93 123/371/93 121/370/93 126/369/93
f 127/376/94 128/375/94 126/374/94 125/373/94
f 126/380/95 121/379/95 122/378/95 125/377/95
f 127/384/96 124/383/96 123/382/96 128/381/96
o cube
v -0.26129875981806105 1.7393583925719764 0.1182301799496478
v -0.2504639730093572 1.7524244504804334 -0.005611999963105629
v -0.25959058684536784 1.5528855371904253 0.09870567352960136
v -0.24875580003666398 1.5659515950988823 -0.02513650638315207
v -0.31272614164009127 1.7524244504804334 -0.011059233884834263
v -0.32356092844879514 1.7393583925719764 0.11278294602791916
v -0.31101796866739806 1.5659515950988823 -0.030583740304880702
v -0.3218527554761019 1.5528855371904253 0.09325843960787272
vt 0.375 0.796875
vt 0.390625 0.796875
vt 0.390625 0.75
vt 0.375 0.75
vt 0.34375 0.796875
vt 0.375 0.796875
vt 0.375 0.75
vt 0.34375 0.75
vt 0.421875 0.796875
vt 0.4375 0.796875
vt 0.4375 0.75
vt 0.421875 0.75
vt 0.390625 0.796875
vt 0.421875 0.796875
vt 0.421875 0.75
vt 0.390625 0.75
vt 0.390625 0.796875
vt 0.375 0.796875
vt 0.375 0.828125
vt 0.390625 0.828125
vt 0.40625 0.828125
vt 0.390625 0.828125
vt 0.390625 0.796875
vt 0.40625 0.796875
vn 0.08667829446963066 0.1045284632676535 -0.9907374393020277
vn 0.9961946980917457 1.7347234759768075e-18 0.08715574274765817
vn -0.08667829446963066 -0.1045284632676535 0.9907374393020277
vn -0.9961946980917457 -1.7347234759768075e-18 -0.08715574274765817
vn -0.00911025585436364 0.9945218953682734 0.10413070090691415
vn 0.00911025585436364 -0.9945218953682734 -0.10413070090691415
usemtl m_bf1ea993-6ccb-c5d5-a1d7-2ed839a3c834
f 132/388/97 135/387/97 133/386/97 130/385/97
f 131/392/98 132/391/98 130/390/98 129/389/98
f 136/396/99 131/395/99 129/394/99 134/393/99
f 135/400/100 136/399/100 134/398/100 133/397/100
f 134/404/101 129/403/101 130/402/101 133/401/101
f 135/408/102 132/407/102 131/406/102 136/405/102
o 2
v 0.29421275544509173 1.670667745157231 0.22266820639490015
v 0.2996301488494435 1.6772007741114594 0.16074711643852346
v 0.29535153742688713 1.5463525082361969 0.20965186878153586
v 0.300768930831239 1.5528855371904253 0.14773077882515917
v 0.23736798021870942 1.6772007741114594 0.15529988251679483
v 0.23195058681435754 1.670667745157231 0.21722097247317151
v 0.23850676220050493 1.5528855371904253 0.14228354490343054
v 0.23308936879615305 1.5463525082361969 0.20420463485980722
vt 0.265625 0.578125
vt 0.28125 0.578125
vt 0.28125 0.546875
vt 0.265625 0.546875
vt 0.25 0.578125
vt 0.265625 0.578125
vt 0.265625 0.546875
vt 0.25 0.546875
vt 0.296875 0.578125
vt 0.3125 0.578125
vt 0.3125 0.546875
vt 0.296875 0.546875
vt 0.28125 0.578125
vt 0.296875 0.578125
vt 0.296875 0.546875
vt 0.28125 0.546875
vt 0.28125 0.578125
vt 0.265625 0.578125
vt 0.265625 0.59375
vt 0.28125 0.59375
vt 0.296875 0.59375
vt 0.28125 0.59375
vt 0.28125 0.578125
vt 0.296875 0.578125
vn 0.08667829446963066 0.1045284632676535 -0.9907374393020277
vn 0.9961946980917457 1.7347234759768075e-18 0.08715574274765817
vn -0.08667829446963066 -0.1045284632676535 0.9907374393020277
vn -0.9961946980917457 -1.7347234759768075e-18 -0.08715574274765817
vn -0.00911025585436364 0.9945218953682734 0.10413070090691415
vn 0.00911025585436364 -0.9945218953682734 -0.10413070090691415
usemtl m_bf1ea993-6ccb-c5d5-a1d7-2ed839a3c834
f 140/412/103 143/411/103 141/410/103 138/409/103
f 139/416/104 140/415/104 138/414/104 137/413/104
f 144/420/105 139/419/105 137/418/105 142/417/105
f 143/424/106 144/423/106 142/422/106 141/421/106
f 142/428/107 137/427/107 138/426/107 141/425/107
f 143/432/108 140/431/108 139/430/108 144/429/108
o 1
v -0.2498945820184595 1.6902668320199163 -0.012120168769787776
v -0.2444771886141075 1.6967998609741448 -0.07404125872616452
v -0.24875580003666398 1.5659515950988823 -0.02513650638315207
v -0.2433384066323121 1.5724846240531103 -0.08705759633952881
v -0.30673935724484164 1.6967998609741448 -0.07948849264789315
v -0.3121567506491935 1.6902668320199163 -0.01756740269151641
v -0.3056005752630462 1.5724846240531103 -0.09250483026125744
v -0.31101796866739806 1.5659515950988823 -0.030583740304880702
vt 0.453125 0.703125
vt 0.46875 0.703125
vt 0.46875 0.671875
vt 0.453125 0.671875
vt 0.4375 0.703125
vt 0.453125 0.703125
vt 0.453125 0.671875
vt 0.4375 0.671875
vt 0.484375 0.703125
vt 0.5 0.703125
vt 0.5 0.671875
vt 0.484375 0.671875
vt 0.46875 0.703125
vt 0.484375 0.703125
vt 0.484375 0.671875
vt 0.46875 0.671875
vt 0.46875 0.703125
vt 0.453125 0.703125
vt 0.453125 0.71875
vt 0.46875 0.71875
vt 0.484375 0.71875
vt 0.46875 0.71875
vt 0.46875 0.703125
vt 0.484375 0.703125
vn 0.08667829446963066 0.1045284632676535 -0.9907374393020277
vn 0.9961946980917457 1.7347234759768075e-18 0.08715574274765817
vn -0.08667829446963066 -0.1045284632676535 0.9907374393020277
vn -0.9961946980917457 -1.7347234759768075e-18 -0.08715574274765817
vn -0.00911025585436364 0.9945218953682734 0.10413070090691415
vn 0.00911025585436364 -0.9945218953682734 -0.10413070090691415
usemtl m_bf1ea993-6ccb-c5d5-a1d7-2ed839a3c834
f 148/436/109 151/435/109 149/434/109 146/433/109
f 147/440/110 148/439/110 146/438/110 145/437/110
f 152/444/111 147/443/111 145/442/111 150/441/111
f 151/448/112 152/447/112 150/446/112 149/445/112
f 150/452/113 145/451/113 146/450/113 149/449/113
f 151/456/114 148/455/114 147/454/114 152/453/114
o 2
v 0.09117406933983363 1.6510686582945464 0.3920897744988444
v 0.09659146274418551 1.6576016872487744 0.3301686845424676
v 0.09231285132162903 1.5267534213735119 0.3790734368854801
v 0.09773024472598102 1.5332864503277404 0.3171523469291033
v 0.034329294113451425 1.6576016872487744 0.324721450620739
v 0.028911900709099547 1.6510686582945464 0.3866425405771158
v 0.035468076095246936 1.5332864503277404 0.3117051130073747
v 0.030050682690894948 1.5267534213735119 0.3736262029637515
vt 0.421875 0.5625
vt 0.4375 0.5625
vt 0.4375 0.53125
vt 0.421875 0.53125
vt 0.40625 0.5625
vt 0.421875 0.5625
vt 0.421875 0.53125
vt 0.40625 0.53125
vt 0.453125 0.5625
vt 0.46875 0.5625
vt 0.46875 0.53125
vt 0.453125 0.53125
vt 0.4375 0.5625
vt 0.453125 0.5625
vt 0.453125 0.53125
vt 0.4375 0.53125
vt 0.4375 0.5625
vt 0.421875 0.5625
vt 0.421875 0.578125
vt 0.4375 0.578125
vt 0.453125 0.578125
vt 0.4375 0.578125
vt 0.4375 0.5625
vt 0.453125 0.5625
vn 0.08667829446963066 0.1045284632676535 -0.9907374393020277
vn 0.9961946980917457 1.7347234759768075e-18 0.08715574274765817
vn -0.08667829446963066 -0.1045284632676535 0.9907374393020277
vn -0.9961946980917457 -1.7347234759768075e-18 -0.08715574274765817
vn -0.00911025585436364 0.9945218953682734 0.10413070090691415
vn 0.00911025585436364 -0.9945218953682734 -0.10413070090691415
usemtl m_bf1ea993-6ccb-c5d5-a1d7-2ed839a3c834
f 156/460/115 159/459/115 157/458/115 154/457/115
f 155/464/116 156/463/116 154/462/116 153/461/116
f 160/468/117 155/467/117 153/466/117 158/465/117
f 159/472/118 160/471/118 158/470/118 157/469/118
f 158/476/119 153/475/119 154/474/119 157/473/119
f 159/480/120 156/479/120 155/478/120 160/477/120
o 1
v 0.3104649356581475 1.6902668320199163 0.03690493652576998
v 0.31588232906249925 1.6967998609741448 -0.025016153430606813
v 0.3116037176399429 1.5659515950988823 0.02388859891240569
v 0.31702111104429476 1.5724846240531103 -0.03803249104397105
v 0.25362016043176516 1.6967998609741448 -0.030463387352335447
v 0.24820276702741328 1.6902668320199163 0.03145770260404135
v 0.2547589424135607 1.5724846240531103 -0.043479724965699684
v 0.2493415490092088 1.5659515950988823 0.018441364990677056
vt 0.421875 0.609375
vt 0.4375 0.609375
vt 0.4375 0.578125
vt 0.421875 0.578125
vt 0.40625 0.609375
vt 0.421875 0.609375
vt 0.421875 0.578125
vt 0.40625 0.578125
vt 0.453125 0.609375
vt 0.46875 0.609375
vt 0.46875 0.578125
vt 0.453125 0.578125
vt 0.4375 0.609375
vt 0.453125 0.609375
vt 0.453125 0.578125
vt 0.4375 0.578125
vt 0.4375 0.609375
vt 0.421875 0.609375
vt 0.421875 0.625
vt 0.4375 0.625
vt 0.453125 0.625
vt 0.4375 0.625
vt 0.4375 0.609375
vt 0.453125 0.609375
vn 0.08667829446963066 0.1045284632676535 -0.9907374393020277
vn 0.9961946980917457 1.7347234759768075e-18 0.08715574274765817
vn -0.08667829446963066 -0.1045284632676535 0.9907374393020277
vn -0.9961946980917457 -1.7347234759768075e-18 -0.08715574274765817
vn -0.00911025585436364 0.9945218953682734 0.10413070090691415
vn 0.00911025585436364 -0.9945218953682734 -0.10413070090691415
usemtl m_bf1ea993-6ccb-c5d5-a1d7-2ed839a3c834
f 164/484/121 167/483/121 165/482/121 162/481/121
f 163/488/122 164/487/122 162/486/122 161/485/122
f 168/492/123 163/491/123 161/490/123 166/489/123
f 167/496/124 168/495/124 166/494/124 165/493/124
f 166/500/125 161/499/125 162/498/125 165/497/125
f 167/504/126 164/503/126 163/502/126 168/501/126
o cube
v 0.2990607578585458 1.7393583925719764 0.1672552852452055
v 0.30989554466724967 1.7524244504804334 0.04341310533245202
v 0.300768930831239 1.5528855371904253 0.14773077882515917
v 0.3116037176399429 1.5659515950988823 0.02388859891240569
v 0.24763337603651558 1.7524244504804334 0.037965871410723384
v 0.23679858922781172 1.7393583925719764 0.16180805132347686
v 0.2493415490092088 1.5659515950988823 0.018441364990677056
v 0.23850676220050493 1.5528855371904253 0.14228354490343054
vt 0.375 0.875
vt 0.390625 0.875
vt 0.390625 0.828125
vt 0.375 0.828125
vt 0.34375 0.875
vt 0.375 0.875
vt 0.375 0.828125
vt 0.34375 0.828125
vt 0.421875 0.875
vt 0.4375 0.875
vt 0.4375 0.828125
vt 0.421875 0.828125
vt 0.390625 0.875
vt 0.421875 0.875
vt 0.421875 0.828125
vt 0.390625 0.828125
vt 0.390625 0.875
vt 0.375 0.875
vt 0.375 0.90625
vt 0.390625 0.90625
vt 0.40625 0.90625
vt 0.390625 0.90625
vt 0.390625 0.875
vt 0.40625 0.875
vn 0.08667829446963066 0.1045284632676535 -0.9907374393020277
vn 0.9961946980917457 1.7347234759768075e-18 0.08715574274765817
vn -0.08667829446963066 -0.1045284632676535 0.9907374393020277
vn -0.9961946980917457 -1.7347234759768075e-18 -0.08715574274765817
vn -0.00911025585436364 0.9945218953682734 0.10413070090691415
vn 0.00911025585436364 -0.9945218953682734 -0.10413070090691415
usemtl m_bf1ea993-6ccb-c5d5-a1d7-2ed839a3c834
f 172/508/127 175/507/127 173/506/127 170/505/127
f 171/512/128 172/511/128 170/510/128 169/509/128
f 176/516/129 171/515/129 169/514/129 174/513/129
f 175/520/130 176/519/130 174/518/130 173/517/130
f 174/524/131 169/523/131 170/522/131 173/521/131
f 175/528/132 172/527/132 171/526/132 176/525/132
o 2
v -0.2661467622315152 1.670667745157231 0.17364310109934245
v -0.2607293688271633 1.6772007741114594 0.11172201114296565
v -0.2650079802497197 1.5463525082361969 0.16062676348597815
v -0.25959058684536784 1.5528855371904253 0.09870567352960136
v -0.3229915374578974 1.6772007741114594 0.10627477722123702
v -0.32840893086224926 1.670667745157231 0.1681958671776138
v -0.3218527554761019 1.5528855371904253 0.09325843960787272
v -0.3272701488804538 1.5463525082361969 0.15517952956424952
vt 0.453125 0.75
vt 0.46875 0.75
vt 0.46875 0.71875
vt 0.453125 0.71875
vt 0.4375 0.75
vt 0.453125 0.75
vt 0.453125 0.71875
vt 0.4375 0.71875
vt 0.484375 0.75
vt 0.5 0.75
vt 0.5 0.71875
vt 0.484375 0.71875
vt 0.46875 0.75
vt 0.484375 0.75
vt 0.484375 0.71875
vt 0.46875 0.71875
vt 0.46875 0.75
vt 0.453125 0.75
vt 0.453125 0.765625
vt 0.46875 0.765625
vt 0.484375 0.765625
vt 0.46875 0.765625
vt 0.46875 0.75
vt 0.484375 0.75
vn 0.08667829446963066 0.1045284632676535 -0.9907374393020277
vn 0.9961946980917457 1.7347234759768075e-18 0.08715574274765817
vn -0.08667829446963066 -0.1045284632676535 0.9907374393020277
vn -0.9961946980917457 -1.7347234759768075e-18 -0.08715574274765817
vn -0.00911025585436364 0.9945218953682734 0.10413070090691415
vn 0.00911025585436364 -0.9945218953682734 -0.10413070090691415
usemtl m_bf1ea993-6ccb-c5d5-a1d7-2ed839a3c834
f 180/532/133 183/531/133 181/530/133 178/529/133
f 179/536/134 180/535/134 178/534/134 177/533/134
f 184/540/135 179/539/135 177/538/135 182/537/135
f 183/544/136 184/543/136 182/542/136 181/541/136
f 182/548/137 177/547/137 178/546/137 181/545/137
f 183/552/138 180/551/138 179/550/138 184/549/138
o 1
v 0.13993060997900086 1.7098659188826013 -0.16520003510854614
v 0.14534800338335285 1.7163989478368293 -0.22712112506492288
v 0.14106939196079638 1.5855506819615668 -0.17821637272191043
v 0.14648678536514825 1.5920837109157953 -0.24013746267828717
v 0.08308583475261866 1.7163989478368293 -0.2325683589866515
v 0.07766844134826689 1.7098659188826013 -0.17064726903027477
v 0.08422461673441417 1.5920837109157953 -0.2455846966000158
v 0.07880722333006229 1.5855506819615668 -0.18366360664363907
vt 0.453125 0.796875
vt 0.46875 0.796875
vt 0.46875 0.765625
vt 0.453125 0.765625
vt 0.4375 0.796875
vt 0.453125 0.796875
vt 0.453125 0.765625
vt 0.4375 0.765625
vt 0.484375 0.796875
vt 0.5 0.796875
vt 0.5 0.765625
vt 0.484375 0.765625
vt 0.46875 0.796875
vt 0.484375 0.796875
vt 0.484375 0.765625
vt 0.46875 0.765625
vt 0.46875 0.796875
vt 0.453125 0.796875
vt 0.453125 0.8125
vt 0.46875 0.8125
vt 0.484375 0.8125
vt 0.46875 0.8125
vt 0.46875 0.796875
vt 0.484375 0.796875
vn 0.08667829446963066 0.1045284632676535 -0.9907374393020277
vn 0.9961946980917457 1.7347234759768075e-18 0.08715574274765817
vn -0.08667829446963066 -0.1045284632676535 0.9907374393020277
vn -0.9961946980917457 -1.7347234759768075e-18 -0.08715574274765817
vn -0.00911025585436364 0.9945218953682734 0.10413070090691415
vn 0.00911025585436364 -0.9945218953682734 -0.10413070090691415
usemtl m_bf1ea993-6ccb-c5d5-a1d7-2ed839a3c834
f 188/556/139 191/555/139 189/554/139 186/553/139
f 187/560/140 188/559/140 186/558/140 185/557/140
f 192/564/141 187/563/141 185/562/141 190/561/141
f 191/568/142 192/567/142 190/566/142 189/565/142
f 190/572/143 185/571/143 186/570/143 189/569/143
f 191/576/144 188/575/144 187/574/144 192/573/144
o cube
v 0.028342509718201736 1.713226276755063 0.3931507093837979
v 0.033759903122553725 1.7197593057092915 0.33122961942742113
v 0.030050682690894948 1.5267534213735119 0.3736262029637515
v 0.035468076095246936 1.5332864503277404 0.3117051130073747
v -0.0907644341389145 1.7197593057092915 0.32033515158396386
v -0.09618182754326643 1.713226276755063 0.38225624154034066
